98 26 1
31 99 0
129 166 0
143 6 0
143 58 0
204 191 0
122 48 1
52 207 0
38 237 0
199 196 0
149 127 0
147 222 0
34 37 0
144 97 0
166 97 1
96 18 1
225 49 1
59 126 0
236 1 1
17 24 0
182 9 0
231 165 1
219 91 0
85 143 0
124 106 0
36 209 0
85 229 1
68 18 0
111 125 0
124 77 0
239 13 0
64 46 1
243 91 0
137 85 0
217 45 0
58 23 0
210 34 0
45 217 0
23 91 0
155 104 0
219 109 0
113 162 0
79 123 0
92 68 0
161 43 0
54 63 1
3 153 1
184 140 0
184 156 0
237 232 0
174 62 0
139 180 0
16 245 0
88 169 0
190 242 0
117 100 0
40 124 0
148 152 0
136 166 0
147 231 0
25 138 0
165 147 0
34 77 0
142 71 1
170 53 0
56 203 0
106 183 0
76 161 1
206 21 1
17 198 0
13 135 0
100 86 0
98 129 0
170 88 0
27 138 0
232 69 0
129 98 0
126 119 1
13 111 1
16 235 0
15 127 0
60 39 0
214 13 0
207 52 0
193 99 1
79 193 0
47 128 0
39 73 0
117 12 0
81 223 0
33 52 1
119 103 0
71 140 0
167 93 0
131 155 0
88 81 1
13 239 0
165 231 0
162 197 0
146 115 1
154 211 0
229 93 0
188 10 0
132 124 0
161 60 0
108 101 0
164 230 0
220 83 1
118 30 0
119 43 0
61 201 0
50 41 0
130 20 0
39 60 0
15 49 0
238 23 0
209 244 1
137 79 0
95 70 0
188 198 0
59 0 0
198 116 0
173 39 0
78 19 1
174 236 1
103 161 0
72 107 0
182 8 0
99 238 1
41 50 0
137 65 1
228 96 0
20 32 0
80 38 0
58 143 0
199 16 0
225 41 0
192 184 0
46 239 0
237 134 0
93 229 0
99 109 0
194 89 0
67 61 1
134 182 1
226 92 1
244 85 0
142 189 0
21 160 1
163 230 0
71 74 0
110 115 0
174 75 0
229 143 1
217 55 0
134 122 0
35 237 0
108 167 0
197 119 0
30 115 0
173 119 0
17 135 0
138 86 0
134 237 0
197 80 1
17 185 0
90 49 0
53 170 0
227 9 0
10 199 1
114 189 0
126 43 0
220 191 0
166 26 0
11 208 0
133 222 0
77 204 0
2 110 0
153 48 0
117 11 0
175 241 0
4 30 0
154 32 0
122 3 0
155 107 0
221 212 0
178 175 0
170 81 1
5 70 0
48 8 0
208 86 0
20 164 0
213 68 0
98 222 0
74 156 0
240 205 0
191 177 0
37 84 0
113 126 0
203 131 0
216 83 0
132 210 0
35 187 0
153 198 0
89 179 0
231 26 0
120 95 0
215 230 0
128 26 0
226 233 0
20 180 0
49 149 1
224 223 0
143 229 0
30 118 0
121 87 0
219 5 0
149 41 0
25 79 0
182 38 0
181 121 1
111 239 0
5 189 0
102 102 0
55 45 0
145 119 0
80 162 0
81 53 0
79 112 0
227 48 0
84 85 0
186 111 0
122 227 0
225 53 0
92 226 0
236 16 0
162 80 0
18 166 0
152 165 0
211 130 0
60 66 0
147 152 1
11 207 0
243 109 0
4 115 0
164 20 0
178 195 0
71 203 0
244 141 0
150 213 0
86 208 0
157 4 0
73 126 0
21 206 0
214 16 1
45 55 0
153 17 0
125 3 0
108 106 1
112 25 0
2 224 0
32 20 1
224 81 0
136 47 1
102 108 0
110 30 1
94 243 0
118 2 1
176 182 0
7 236 0
235 16 1
123 94 0
158 172 0
165 129 1
133 130 1
42 132 1
83 241 0
189 203 0
156 164 0
63 93 0
0 162 0
61 226 0
29 128 0
146 30 0
207 12 0
194 205 0
72 192 0
184 74 1
182 122 0
220 177 0
178 241 0
192 74 0
72 172 0
242 45 1
156 230 0
114 140 0
95 120 0
218 66 0
108 102 0
128 129 0
106 77 1
22 117 0
127 149 0
46 33 0
52 64 0
94 238 0
151 2 0
107 172 0
134 8 0
66 179 0
204 216 0
138 170 0
32 180 1
198 188 0
77 106 0
183 204 0
14 222 0
24 185 1
90 234 0
28 41 0
70 109 1
5 219 0
237 38 1
118 4 1
47 144 0
245 214 1
242 195 0
202 149 1
141 58 1
188 116 0
183 106 0
60 161 1
38 9 0
56 140 0
223 169 0
19 121 0
67 226 1
158 107 1
220 108 0
118 151 1
21 76 0
140 107 0
99 31 0
204 77 0
236 51 0
232 187 1
10 188 0
175 177 1
19 233 0
143 209 0
1 178 0
236 100 1
97 26 0
43 126 0
133 139 0
11 86 0
101 183 0
94 193 0
114 142 1
199 178 0
113 171 0
159 23 0
110 118 1
40 132 0
102 183 0
105 97 0
142 140 1
212 177 0
207 22 1
7 27 1
78 121 0
222 148 0
158 104 0
115 157 1
152 148 1
231 147 0
16 10 0
161 76 0
134 38 1
130 32 1
224 151 0
48 9 0
234 49 0
1 236 0
213 92 0
177 212 0
62 108 0
177 241 0
54 108 0
52 44 0
207 11 0
14 139 0
233 61 1
20 130 0
148 165 0
181 78 1
201 121 0
132 42 0
46 186 0
172 155 1
28 169 0
235 75 1
81 88 0
180 139 0
139 147 0
104 123 0
3 135 0
0 153 0
195 190 1
12 208 0
243 6 0
22 86 0
99 94 0
105 98 1
27 51 0
63 85 0
49 15 0
225 202 0
71 56 0
226 61 0
200 166 0
135 116 0
76 205 1
39 126 0
159 31 0
2 4 0
202 49 0
106 102 0
105 26 0
199 10 0
230 156 0
220 204 1
121 136 0
105 129 0
224 224 0
33 64 1
109 193 0
155 172 0
128 144 0
246 179 0
92 213 0
54 93 0
18 47 0
8 122 0
137 229 0
245 239 0
166 144 0
187 237 1
191 204 0
217 190 0
66 69 0
213 18 0
151 110 0
170 170 0
89 237 0
180 222 0
180 14 1
202 15 0
82 212 1
212 82 0
235 1 0
71 114 0
8 134 0
9 9 0
166 129 0
216 106 0
92 67 0
107 189 0
208 51 0
99 193 0
237 35 0
110 146 0
7 51 0
180 130 0
19 78 0
11 117 0
157 110 0
234 32 1
63 54 0
44 151 0
59 162 0
133 14 0
101 124 0
145 126 1
4 146 0
233 201 0
50 90 0
72 230 1
128 200 0
238 193 0
182 237 0
119 73 0
55 195 0
22 207 0
54 65 0
60 103 0
183 124 0
26 129 0
157 115 0
173 160 0
143 159 0
3 122 0
57 30 0
6 243 0
46 52 0
155 5 0
218 194 1
97 200 0
130 180 0
93 167 0
225 127 0
9 134 1
144 166 1
222 231 0
82 217 0
95 172 1
36 31 0
34 124 0
212 83 1
171 113 1
116 135 1
176 9 0
56 189 1
36 159 1
115 4 0
76 194 1
91 238 1
200 129 0
190 185 0
193 6 1
164 156 1
190 217 0
131 5 1
23 159 1
83 212 0
131 203 1
52 168 0
179 66 0
203 56 1
140 114 0
25 112 0
9 48 0
167 63 0
201 233 0
226 67 0
84 209 0
157 30 1
150 67 0
167 183 0
28 72 0
120 243 0
89 69 0
175 178 0
80 227 0
205 161 0
227 8 1
169 88 0
32 211 1
224 53 0
144 136 1
15 90 1
179 35 0
219 94 1
78 181 0
114 131 0
35 69 1
239 125 0
203 189 0
57 115 0
191 82 0
139 133 1
24 10 1
214 116 0
3 125 0
116 198 0
8 38 0
181 146 0
152 26 0
204 106 0
17 188 0
79 243 1
160 161 0
242 82 0
189 56 0
30 146 0
55 217 0
127 234 1
104 107 0
116 188 1
73 171 0
55 82 0
41 15 1
187 182 0
9 122 1
69 232 0
123 120 0
211 180 0
218 205 0
241 177 1
246 69 1
216 210 1
205 218 0
163 164 0
217 185 0
181 19 0
117 22 0
55 190 1
1 199 0
86 100 0
112 120 0
12 12 0
109 91 0
61 92 0
231 148 0
0 198 0
65 54 1
96 68 1
69 80 0
169 41 1
39 145 0
26 231 0
240 76 0
126 73 0
51 7 1
218 246 0
217 82 0
27 236 0
191 220 0
51 27 0
184 192 0
241 108 0
129 26 1
104 155 0
75 178 1
126 39 0
64 237 0
19 67 0
37 34 0
184 230 0
47 166 0
53 41 1
49 41 0
196 195 1
115 181 0
232 237 0
93 54 1
151 4 0
28 90 0
154 20 0
74 163 0
162 0 0
104 95 1
29 166 0
205 160 0
162 171 0
203 155 0
121 78 0
163 184 1
185 198 1
244 37 0
70 5 1
163 215 0
200 97 0
221 242 0
211 32 0
133 32 0
90 15 0
213 228 0
28 15 0
1 235 1
33 187 0
64 187 1
231 222 0
201 67 0
69 89 0
185 17 0
135 153 0
45 212 0
104 70 0
190 196 0
167 62 1
2 105 0
58 209 0
189 114 0
127 50 0
219 99 0
183 101 1
155 131 0
13 125 0
186 135 0
65 93 0
123 79 0
22 208 0
189 5 0
116 125 1
214 125 0
86 51 1
7 100 0
41 223 0
234 20 0
70 91 0
18 128 0
160 21 0
68 213 1
37 42 0
172 107 0
142 56 0
228 213 0
101 77 0
233 226 0
69 35 0
30 110 0
238 91 0
14 32 0
241 204 0
188 185 1
74 140 1
131 56 0
209 229 0
216 101 0
115 30 0
159 143 0
171 145 0
60 119 0
144 128 0
84 37 0
227 122 0
57 146 0
240 89 0
100 235 0
115 57 1
87 115 0
80 43 0
101 106 1
78 115 0
123 70 0
195 55 0
152 231 1
56 131 0
49 225 0
95 79 0
244 40 0
167 108 0
23 238 0
170 223 0
97 165 0
75 16 0
215 156 0
148 148 0
7 208 0
195 10 0
227 162 1
48 227 0
86 236 0
90 50 1
229 6 0
80 179 0
82 242 0
85 65 0
145 171 0
206 173 0
162 59 1
9 182 0
158 192 0
171 162 0
228 18 0
2 151 0
151 44 0
232 38 0
101 108 0
187 89 0
44 12 0
88 224 1
111 13 0
65 137 0
221 82 0
4 157 0
161 246 0
138 27 1
146 57 0
120 123 1
96 150 0
235 178 0
148 222 0
91 31 1
87 144 0
15 41 0
226 68 0
69 246 0
62 183 0
37 40 1
91 109 0
82 221 1
197 103 1
76 66 0
78 201 1
243 94 0
113 73 0
156 215 1
67 150 0
181 115 1
141 159 1
3 176 1
100 236 0
145 73 1
197 162 0
123 109 1
168 33 1
122 8 1
120 112 0
19 181 0
57 181 0
177 191 0
76 246 0
147 139 0
174 178 0
120 25 1
179 246 1
6 23 0
53 169 0
73 39 0
6 143 0
163 74 0
223 170 0
74 192 0
196 24 0
12 117 1
58 31 0
168 46 0
24 116 0
125 17 0
64 33 0
66 246 1
13 214 0
176 3 0
193 238 0
185 190 0
138 7 0
201 181 0
176 122 0
198 153 0
113 59 1
200 136 0
205 21 1
228 121 0
242 190 1
75 235 0
89 187 0
38 8 0
177 220 0
196 190 0
107 158 0
222 152 0
23 6 0
210 42 0
95 104 0
185 116 0
94 91 0
136 128 0
183 102 0
25 170 0
24 198 0
10 24 0
107 155 0
136 200 0
33 237 0
111 214 0
149 202 0
208 100 1
146 4 0
122 134 0
128 97 0
179 80 0
16 75 0
33 46 0
223 81 0
238 99 0
91 193 0
200 128 1
161 103 0
73 119 0
45 242 0
62 54 1
67 92 0
100 208 0
195 199 0
58 141 0
93 65 0
90 28 0
178 199 0
0 48 0
175 55 0
70 123 0
31 91 0
121 47 0
190 195 0
177 83 0
27 100 0
203 142 0
131 114 0
149 49 0
21 173 0
59 113 0
102 124 0
150 68 1
245 16 0
237 182 0
70 94 0
165 148 0
146 110 0
199 195 0
204 83 0
154 180 0
241 83 0
202 223 0
223 41 0
97 128 0
246 103 0
43 66 0
51 235 0
111 186 0
159 209 0
141 23 0
176 48 0
193 91 0
4 118 0
192 155 0
68 47 0
8 48 0
75 1 0
32 133 0
29 97 0
41 53 0
211 164 0
221 191 0
209 159 0
180 32 0
77 216 1
125 214 0
169 223 0
86 27 0
210 106 0
20 234 0
229 141 0
185 188 0
192 140 1
65 167 0
206 205 0
125 116 0
1 75 0
42 77 0
11 22 1
44 52 1
168 237 0
98 148 0
233 19 0
208 12 0
222 165 0
41 169 0
178 1 0
0 227 1
73 113 0
205 66 0
43 103 1
103 197 0
135 13 0
29 231 0
214 111 0
215 163 0
93 63 0
107 140 0
118 157 0
137 63 0
240 218 0
142 203 0
77 34 0
130 211 0
244 209 0
129 200 0
88 53 0
35 179 0
159 141 0
191 212 1
47 136 0
84 40 1
186 3 0
22 12 0
129 165 0
36 141 0
84 132 0
230 215 0
67 19 0
50 127 0
194 21 0
25 95 0
97 166 0
83 177 0
64 182 0
114 203 1
201 78 0
42 124 0
234 90 0
210 216 0
81 169 0
50 28 1
119 60 0
54 62 0
229 209 0
239 176 0
68 96 0
40 93 0
6 31 0
46 168 0
44 22 0
127 15 0
164 163 0
35 89 1
83 220 0
34 210 0
124 132 0
194 240 1
40 37 0
81 138 1
87 47 0
215 90 0
121 19 0
172 95 0
230 163 0
239 245 0
130 14 0
213 150 0
233 150 0
26 147 0
62 241 0
88 170 0
124 102 1
193 94 0
108 62 1
188 17 1
241 175 0
37 124 0
136 87 1
210 204 0
135 3 1
164 164 0
245 13 1
150 226 1
91 94 0
61 67 0
175 242 0
21 240 0
16 199 0
189 155 1
36 23 0
132 37 1
151 224 0
144 105 0
112 65 0
51 236 1
141 229 0
149 53 0
243 99 0
117 111 0
85 63 0
63 137 0
29 96 1
110 157 0
138 88 0
103 246 0
157 57 0
139 152 0
47 18 0
116 24 0
195 175 1
83 204 0
156 74 0
172 158 0
63 167 0
34 132 1
140 56 0
77 42 0
18 68 0
75 196 0
160 205 0
24 17 0
179 103 0
40 244 1
85 40 0
234 14 0
246 161 1
112 63 0
171 0 0
39 173 0
160 173 1
186 13 0
45 221 1
119 39 1
141 209 1
74 107 0
239 111 1
105 144 0
215 184 0
65 85 0
14 133 0
198 24 0
160 60 0
43 80 0
165 152 0
196 196 0
135 17 0
48 153 1
57 157 0
202 53 1
206 60 0
30 4 0
139 148 1
158 230 0
5 155 0
173 161 0
10 195 0
103 119 0
96 47 0
145 59 0
61 19 0
242 217 1
14 234 0
212 45 0
51 86 0
132 77 0
209 143 1
89 232 0
230 184 0
235 199 0
98 147 0
62 178 0
56 142 0
38 122 0
50 202 0
96 228 0
187 35 1
172 123 0
38 182 0
42 210 1
222 147 1
15 202 0
156 184 1
100 7 0
23 58 0
102 106 1
192 158 1
94 99 1
209 58 0
186 176 1
232 89 0
208 11 1
48 122 0
197 179 0
8 227 0
126 113 0
127 90 1
109 99 1
31 159 0
218 161 0
148 231 0
6 159 0
198 17 0
216 204 1
246 43 0
212 221 0
236 236 0
154 133 1
211 234 0
223 88 1
238 94 0
49 202 0
79 109 0
169 81 1
82 55 0
12 207 0
245 125 0
153 135 0
18 228 1
109 238 0
106 108 0
109 243 1
207 117 0
240 21 0
12 22 1
32 234 0
106 124 0
42 37 0
53 88 0
112 79 1
150 228 0
87 121 1
103 66 1
194 76 0
31 23 1
87 136 0
31 193 0
168 187 0
68 150 0
43 119 1
171 126 0
44 11 0
196 199 1
26 152 0
166 200 1
66 103 0
124 183 0
187 38 0
230 158 1
228 47 1
59 145 0
72 28 0
52 46 0
206 206 0
5 104 0
140 192 0
152 222 0
168 232 0
169 53 0
125 13 1
221 217 0
92 228 0
53 202 0
27 86 0
140 142 0
147 165 0
10 116 0
174 235 0
173 206 0
26 97 1
66 43 0
153 0 0
